3.14159 26535 89793 23846 2643383279 50288
  41971 69399 3751058209 74944 59230 78164
  0628620899 86280 34825 34211 7067982148 08651
  32823 06647 0938446095 50582 23172 53594 0812848111
  74502 84102 70193 8521105559 64462 29489 54930 3819644288
  10975 66593 34461 2847564823 37867 83165 27120 1909145648
  56692 34603 48610 4543266482 13393 60726 02491 4127372458
  70066 06315 58817 4881520920 96282 92540 91715 3643678925
  90360 01133 05305 4882046652 13841 46951 94151 1609433057
  27036 57595 91953 0921861173 81932 61179 31051 1854807446
  23799 62749 56735 1885752724 89122 79381 83011 94912